9790.688608041039
9758.276580421547
9796.822197889807
9790.688608041039
9792.884260598528
9796.756508905504
9758.528938466014
9789.912489818134
9796.812588470943
9799.379168436186
9796.756508905504
9796.822197889807
9801.57467823596
9789.809692715668
9796.766118269357
9796.822197889807
9796.822197889807
9183.855833387468
9706.972425917882
9750.040777706225
9796.756508905504
9790.0951787455
9795.279160657035
9796.969380262963
9796.756508905504
9792.914828945213
9788.226110098136
9801.57000493884
9329.187114748795
9545.572554560069
9799.66013754839
9786.391135893919
9801.802068584855
9794.391820562916
