[4.376279598173071, -4.607151457982832]
[4.376279598173071, -4.607151457982832]
[4.376279598173071, -4.607151457982832]
[4.376279598173071, -4.607151457982832]
[4.376279598173071, -4.607151457982832]
[4.376279598173071, -4.607151457982832]
[4.376279598173071, -4.607151457982832]
[4.376279598173071, -4.607151457982832]
[4.376279598173071, -4.607151457982832]
[4.376279598173071, -4.607151457982832]
[4.376279598173071, -4.607151457982832]
[4.376279598173071, -4.607151457982832]
[4.376279598173071, -4.607151457982832]
[4.376279598173071, -4.607151457982832]
[4.376279598173071, -4.607151457982832]
[4.376279598173071, -4.607151457982832]
[4.376279598173071, -4.607151457982832]
[4.376279598173071, -4.607151457982832]
[4.376279598173071, -4.607151457982832]
[4.376279598173071, -4.607151457982832]
[4.376279598173071, -4.607151457982832]
[4.376279598173071, -4.607151457982832]
[-1.6780812547343271, -4.607151457982832]
