[-4.7739025837556595, -3.3895925028798004]
[-4.7739025837556595, -4.567877975609889]
[-4.7739025837556595, -3.3895925028798004]
[-4.7739025837556595, -3.3895925028798004]
[-4.7739025837556595, -3.3895925028798004]
[-4.7739025837556595, -4.567877975609889]
[-4.7739025837556595, -3.3895925028798004]
[-4.7739025837556595, -4.567877975609889]
[-4.7739025837556595, -3.3895925028798004]
[-4.7739025837556595, -4.567877975609889]
[-4.7739025837556595, -3.3895925028798004]
[-4.7739025837556595, -2.002484798116632]
[-4.7739025837556595, -3.3895925028798004]
[-4.7739025837556595, -3.3895925028798004]
[-4.7739025837556595, -4.567877975609889]
[-4.7739025837556595, -3.3895925028798004]
[-4.7739025837556595, -4.567877975609889]
[-4.7739025837556595, -3.3895925028798004]
[-4.7739025837556595, -4.567877975609889]
[-4.7739025837556595, -3.3895925028798004]
[-4.7739025837556595, -3.3895925028798004]
[-4.7739025837556595, -3.3895925028798004]
[-4.7739025837556595, -3.3895925028798004]
