[-4.7739025837556595, -3.3895925028798004]
[-4.7739025837556595, -3.3895925028798004]
[-4.7739025837556595, -3.3895925028798004]
[-4.7739025837556595, -3.3895925028798004]
[-4.7739025837556595, -3.3895925028798004]
[-4.7739025837556595, -3.3895925028798004]
[-4.7739025837556595, -3.3895925028798004]
[-4.7739025837556595, -3.3895925028798004]
[-4.7739025837556595, -3.3895925028798004]
[-4.7739025837556595, -3.3895925028798004]
[-4.7739025837556595, -3.3895925028798004]
[-4.7739025837556595, -3.3895925028798004]
[-4.7739025837556595, -3.3895925028798004]
[-4.7739025837556595, -3.3895925028798004]
[-4.7739025837556595, -3.3895925028798004]
[-4.7739025837556595, -3.3895925028798004]
[-4.7739025837556595, -3.3895925028798004]
[-4.7739025837556595, -3.3895925028798004]
[-4.7739025837556595, -3.3895925028798004]
[-4.7739025837556595, -3.3895925028798004]
[-4.7739025837556595, -3.3895925028798004]
[-4.7739025837556595, -3.3895925028798004]
[-4.7739025837556595, -3.3895925028798004]
