[-4.694709666144676, -3.3895925028798004]
[-4.694709666144676, -3.3895925028798004]
[-4.694709666144676, -3.3895925028798004]
[-4.694709666144676, -3.3895925028798004]
[-4.694709666144676, -3.3895925028798004]
[-4.694709666144676, -3.3895925028798004]
[-4.694709666144676, -3.3895925028798004]
[-4.694709666144676, -3.3895925028798004]
[-4.694709666144676, -3.3895925028798004]
[-4.694709666144676, -3.3895925028798004]
[-4.694709666144676, -3.3895925028798004]
[-4.694709666144676, -3.3895925028798004]
[-4.694709666144676, -3.3895925028798004]
[-4.694709666144676, -3.3895925028798004]
[-4.694709666144676, -3.3895925028798004]
[-4.694709666144676, -3.3895925028798004]
[-4.694709666144676, -3.3895925028798004]
[-4.694709666144676, -3.3895925028798004]
[-4.694709666144676, -3.3895925028798004]
[-4.694709666144676, -3.3895925028798004]
[-4.694709666144676, -3.3895925028798004]
[-4.694709666144676, -3.3895925028798004]
[0.9529119331904647, 1.321148928338065]
