[2.349282152682739, -4.607151457982832]
[2.349282152682739, -4.607151457982832]
[2.349282152682739, -4.607151457982832]
[2.349282152682739, -4.607151457982832]
[-0.8816890648763591, -4.607151457982832]
[2.349282152682739, -4.607151457982832]
[2.349282152682739, -4.607151457982832]
[2.349282152682739, -4.607151457982832]
[2.349282152682739, -4.607151457982832]
[2.349282152682739, -4.607151457982832]
[2.349282152682739, -4.607151457982832]
[2.349282152682739, -4.607151457982832]
[2.349282152682739, -4.607151457982832]
[2.349282152682739, -4.607151457982832]
[2.349282152682739, -4.607151457982832]
[2.349282152682739, -4.607151457982832]
[2.349282152682739, -4.607151457982832]
[2.349282152682739, -4.607151457982832]
[2.349282152682739, -4.607151457982832]
[2.349282152682739, -4.607151457982832]
[2.349282152682739, -4.607151457982832]
[2.349282152682739, -4.607151457982832]
[2.349282152682739, -4.607151457982832]
